,locality,price,price_sqft,buildup_area,carpet_area,latitude,longitude,bubble_size
0,agripada,3.808,23390.0,1622.4,1250.85,18.969,72.827,8.988258975589389
1,andheri east,2.258015873015873,23062.93650793651,947.7698412698413,720.9206349206349,19.1136,72.8697,7.288195993162247
2,andheri west,4.781783216783216,30105.20979020979,1488.2412587412587,1129.8417832167831,19.1172495,72.833968,10.056329784148659
3,anushakti nagar,3.6166666666666667,30143.333333333332,1247.0,1047.0,19.0395778,72.9221562,8.778399589521158
4,asalpha,0.96,17450.0,550.0,440.0,19.093,72.885,5.864498357876894
5,bandra east,7.321515151515152,37229.393939393936,1785.7878787878788,1384.0454545454545,19.06,72.84,12.841973954535728
6,bandra west,11.23987012987013,47185.97402597403,2314.4545454545455,1763.659090909091,19.0596,72.8295,17.139727805519918
7,bhandup east,1.738,18874.0,921.8,741.0,19.145,72.94,6.717829032237962
8,bhandup west,2.0088235294117647,19438.68778280543,1019.841628959276,784.158371040724,19.148,72.937,7.01487533684694
9,bhayandar east,0.8257894736842105,10320.0,806.078947368421,574.125,19.301,72.854,5.717292755142438
10,bhayandar west,0.8200000000000001,13371.42857142857,627.8571428571429,494.4642857142857,19.3,72.85,5.710942709534285
11,boisar,0.30375,4355.0,702.5,517.4375,19.803,72.751,5.144706256270916
12,borivali east,2.8377653631284914,24164.469273743016,1099.8603351955308,855.518156424581,19.2187187,72.8654856,7.924080341951818
13,borivali west,1.8653797468354432,21572.974683544304,867.1645569620254,655.4509493670886,19.229,72.8567,6.857542458031061
14,byculla,5.924705882352941,37220.58823529412,1538.3235294117646,1234.5514705882354,18.9766219,72.8327936,11.309917147841668
15,chembur,2.8994488188976377,24115.09186351706,1151.3753280839894,895.4901574803149,19.0625,72.9,7.991736363684988
16,churchgate,8.033333333333333,61353.333333333336,1282.3333333333333,1072.1666666666667,18.931,72.826,13.622714686043928
17,colaba,7.787999999999999,52957.333333333336,1397.0,1188.4333333333334,18.9067,72.8147,13.353626692757832
18,cuffe parade,10.328125,61251.25,1652.4375,1306.75,18.91,72.814,16.139701987374035
19,cumballa hill,18.40625,74802.5,2483.75,2058.0625,18.965,72.803,25.0
20,dadar east,6.975,42828.63636363636,1587.0454545454545,1210.8636363636363,19.0213,72.8446,12.461907106311113
21,dadar west,5.408837209302326,41442.32558139535,1349.046511627907,1046.1744186046512,19.019,72.84,10.744098943913608
22,dahisar east,1.2131111111111113,16144.444444444445,751.2444444444444,550.3611111111111,19.2599822,72.8598732,6.142117220515356
23,dahisar west,1.7337704918032788,19651.803278688523,888.672131147541,694.266393442623,19.25,72.84,6.713189997428548
24,dharamveer nagar,2.4375,19670.0,1240.5,924.0,19.2,72.86,7.485058860921209
25,fort,12.0,50000.0,2400.0,1800.0,18.935,72.835,17.97345805575117
26,gamdevi,5.5,52380.0,1050.0,1000.0,18.958,72.807,10.844088668415772
27,ghatkopar east,2.357027027027027,24478.108108108107,934.6756756756756,757.9864864864865,19.08,72.92,7.396794007071765
28,ghatkopar west,3.244090909090909,22178.636363636364,1384.1818181818182,949.0,19.085,72.908,8.369748789440557
29,girgaon,8.3,38420.0,1725.0,1506.25,18.955,72.813,13.915201635267945
30,goregaon east,3.1119811320754716,22923.962264150945,1277.254716981132,970.4740566037735,19.1663,72.8526,8.224847343283393
31,goregaon west,2.9352459016393446,23944.180327868853,1195.0245901639344,916.2274590163935,19.1633281,72.8411995,8.030999536893393
32,govandi,2.9896666666666665,24202.666666666668,1199.8666666666666,896.075,19.055599999999995,72.9156,8.090689650158188
33,jacob circle,7.207142857142857,46537.142857142855,1545.7142857142858,1284.2857142857142,18.983,72.829,12.716527441573092
34,jogeshwari east,3.8973684210526316,29364.21052631579,1185.6842105263158,920.5526315789474,19.134,72.857,9.08628058870433
35,jogeshwari west,1.9717142857142858,23326.571428571428,845.7142857142857,664.3428571428572,19.137,72.839,6.974172951307867
36,juhu,8.462054794520547,47384.79452054795,1775.027397260274,1385.3664383561643,19.1075,72.8263,14.092947556979592
37,kalbadevi,3.9166666666666665,36003.333333333336,856.6666666666666,642.5,18.95,72.83,9.107447407398174
38,kamathipura,5.6433333333333335,25210.0,2238.3333333333335,1433.3333333333333,18.96,72.83,11.00130040362368
39,kandivali east,1.9733999999999998,19795.257142857143,979.6685714285715,721.0814285714285,19.2058,72.8697,6.976021886665462
40,kandivali west,1.46640522875817,19453.398692810457,728.6013071895425,567.7401960784314,19.206,72.84,6.419936809491521
41,kanjurmarg east,2.0142696629213486,20616.067415730337,972.8202247191011,732.4494382022472,19.124102,72.9385562,7.020848798004259
42,kanjurmarg west,2.1088095238095237,21895.0,992.0238095238095,726.9285714285714,19.1321171,72.9273332,7.124542581096428
43,khar west,8.223684210526315,45228.94736842105,1790.6842105263158,1386.875,19.069,72.836,13.831496488615016
44,kurla east,1.5142857142857142,18931.14285714286,770.8571428571429,564.9428571428572,19.072,72.882,6.4724533737639565
45,kurla west,2.028518518518519,19028.88888888889,1077.2592592592594,770.7037037037037,19.068602599999995,72.876583,7.036477314142571
46,lower parel,8.276981132075472,42705.28301886792,1913.5849056603774,1508.316037735849,18.99568,72.8302756,13.889953941066059
47,madanpura,2.6875,30410.0,882.25,550.0,18.967,72.834,7.759265375818725
48,madh,3.1875,22348.75,1408.125,1089.25,19.14,72.79,8.307678405613755
49,mahalakshmi,9.402307692307692,45255.38461538462,2019.5384615384614,1630.3076923076924,18.982,72.807,15.124241437877604
50,mahim,3.653125,37356.25,972.0,769.875,19.041,72.84,8.818388039610378
51,malabar hill,12.190000000000001,67777.0,1750.5,1436.05,18.95,72.795,18.18185500707328
52,malad east,2.7922666666666665,21808.8,1270.0133333333333,993.5733333333334,19.186,72.874,7.874176185995109
53,malad west,1.8397695852534564,19880.414746543778,886.2119815668203,669.2741935483871,19.1852851,72.8358611,6.829452565417625
54,marine lines,5.905,53435.0,1029.0,771.75,18.943,72.823,11.288303222549747
55,matunga east,4.70125,36931.25,1272.625,986.84375,19.027,72.857,9.96799885331821
56,matunga west,4.458333333333333,41010.0,1142.1666666666667,849.3333333333334,19.027,72.842,9.701561523009458
57,mazgaon,2.872727272727273,28837.272727272728,960.4545454545455,727.8181818181819,18.9695,72.8405,7.9624274754927935
58,mira road east,0.887809076682316,10932.26917057903,809.6353677621283,573.443661971831,19.28,72.86,5.785317471916191
59,mulund east,1.8732941176470588,21043.882352941175,880.7294117647059,672.1117647058824,19.171,72.9568,6.866223146182499
60,mulund west,2.6463948497854077,22087.93991416309,1205.8240343347638,944.0933476394849,19.1719717,72.9511956,7.714180175879996
61,mumbai central,6.433333333333334,33320.0,1907.3333333333333,1235.6666666666667,18.969,72.819,11.86779299069983
62,naigaon east,0.33771929824561403,5385.438596491228,625.0409356725146,432.1388888888889,19.0137704,72.846317,5.181964667812692
63,naigaon west,0.3133333333333333,5650.0,566.6666666666666,425.0,19.35,72.84,5.155217506008654
64,nalasopara east,0.3626666666666667,5448.666666666667,661.6,465.53333333333336,19.418,72.85,5.209327591615097
65,nalasopara west,0.3292307692307692,4989.780219780219,656.489010989011,463.49175824175825,19.421,72.818,5.172654227981624
66,palghar,0.17181818181818181,2760.0,621.8181818181819,439.09090909090907,19.3183904,72.8991697,5.0
67,parel,7.254655172413793,39090.68965517241,1808.5172413793102,1440.2931034482758,18.998,72.837,12.768640187113713
68,powai,4.18955773955774,26656.756756756757,1479.2506142506143,1079.2782555282556,19.1187195,72.9073476,9.406761447574596
69,prabhadevi,7.91,45581.875,1644.5625,1298.3541666666667,19.0166,72.8295,13.48743947202782
70,ramabai ambedkar nagar,2.04,19417.5,1052.25,870.75,19.1247542,72.9201221,7.04907050223416
71,sakinaka,1.8136363636363635,15534.545454545454,1176.5454545454545,814.3863636363636,19.1,72.89,6.800788966926955
72,santacruz east,2.931636363636364,25298.909090909092,1194.1272727272728,918.0454545454545,19.081,72.864,8.027040501548644
73,santacruz west,11.456486486486487,47812.97297297297,2153.2162162162163,1646.0202702702702,19.08,72.84,17.377318270390194
74,sewri,3.266666666666667,30266.666666666668,1124.0,876.6666666666666,18.998,72.855,8.394510468664635
75,sion,3.908990825688073,30388.80733944954,1283.7155963302753,1043.532110091743,19.0465213,72.8632834,9.099028344983584
76,tardeo,12.15625,61273.75,1903.0,1555.125,18.972,72.814,18.144837127562116
77,thane west,0.89328125,10624.6875,852.375,659.85546875,19.2183,72.9781,5.791319494213619
78,trombay,1.82,40440.0,450.0,386.0,19.0,72.93,6.807768769124346
79,vasai east,0.414,5841.5,706.15,476.425,19.41,72.86,5.26563132934072
80,vasai west,0.8013636363636363,7510.454545454545,1005.2727272727273,753.2045454545455,19.391,72.839,5.690501860241925
81,vikhroli east,3.215961538461538,26525.384615384617,1082.0192307692307,803.2932692307693,19.1172592,72.9355194,8.338895762694396
82,vikhroli west,2.4172727272727275,22029.090909090908,1080.2727272727273,764.1818181818181,19.107,72.925,7.4628730610795015
83,vile parle east,3.632727272727273,38079.09090909091,964.4545454545455,828.2878787878788,19.1,72.86,8.796015280781239
84,vile parle west,7.760000000000001,44328.333333333336,1782.0,1494.4166666666667,19.1,72.84,13.322915563089312
85,virar east,0.2,4350.0,460.0,320.0,19.455,72.83,5.030910552588447
86,virar west,0.40573913043478266,5453.130434782609,751.6304347826087,506.5423913043478,19.455,72.81,5.256570592326716
87,wadala,4.6992,31983.2,1372.06,1132.67,19.017,72.857,9.965750359896052
88,wadala east,2.548235294117647,23727.29411764706,1057.2823529411764,823.3470588235294,19.0178,72.8562,7.606516217225814
89,worli,11.7035,54325.0,2062.25,1695.35,19.017,72.815,17.648249129082714
